0 0 0 10 2 0 9 32 36 26 4 0 0 0 0 38 23 7 7 7 0 2 26 25 21 12 12 12 10 3 4 1 4 4 4 8 8 0 0 0 0 0 0 4 2 0 0 0 0 0 0 8 8 0 0 1 0 0 0 1 4 0 0 0 0 0 0 0 0 0 62 91 84 45 0 0 3 7 6 4 0 0 0 11 11 0 0 0 203 152 4 16 0 0 60 18 6 8 6 4 4 8 8 0 4 5 7 4 0 32 139 122 
0 -1 -2 9 1 -7 16 31 32 21 2 -12 -73 -121 -24 46 28 7 6 5 -1 4 25 29 25 12 12 12 12 4 4 2 4 4 4 8 8 0 0 0 0 0 0 4 4 -2 -2 -2 0 0 0 9 9 0 0 0 -1 -5 -6 2 4 0 0 2 0 -8 -8 -4 -25 -14 52 84 82 58 15 -15 4 6 6 5 2 -1 0 7 8 0 0 2 162 179 24 27 -114 -106 74 16 24 8 8 4 4 8 8 0 4 6 6 19 2 44 50 -27 
0 0 -3 5 0 4 25 24 24 12 -9 -18 -76 -121 -21 51 36 7 7 4 -5 4 24 35 28 14 12 14 12 4 4 2 4 4 4 8 8 0 0 0 0 0 0 5 4 -2 -2 -2 0 0 0 13 13 0 0 0 -4 -5 -6 2 4 0 0 10 8 -8 -9 -5 -25 -19 24 68 80 75 38 -6 4 5 8 4 -1 0 -1 -3 0 0 0 4 58 164 139 30 8 -229 4 60 30 7 8 4 4 8 8 1 4 6 7 13 20 -49 -106 8 
0 -1 -1 4 0 9 31 28 14 7 -16 -18 -75 -121 -21 53 39 12 7 2 -6 3 25 36 29 13 15 13 11 4 4 1 4 4 4 8 8 0 0 0 0 1 1 6 4 -2 -2 -3 0 0 0 15 15 1 2 1 -4 -4 -6 4 4 0 0 12 11 -7 -7 -3 -19 -20 1 53 76 80 53 5 6 6 8 4 0 -2 -3 -2 0 0 0 0 -17 153 220 46 20 -64 -160 55 25 6 11 9 4 8 9 9 4 15 7 11 -35 -82 6 30 
3 3 4 4 -2 6 33 30 -1 -5 -5 -4 -71 -121 -22 32 24 28 1 -4 0 4 28 30 23 12 16 12 12 4 4 1 4 4 4 2 2 0 0 1 3 4 4 2 -1 -2 -2 3 4 -1 -3 12 13 7 6 4 -4 -4 -7 4 4 0 -3 9 9 0 -4 0 -16 -23 -19 38 63 76 60 26 20 -2 0 1 -3 -3 -6 -4 -3 -2 -1 4 -1 52 192 135 38 15 -177 2 44 22 17 23 3 2 21 20 14 40 6 -41 -93 22 11 28 
2 3 4 2 1 11 24 20 -4 -6 -5 -4 -70 -122 -23 29 24 28 0 -4 0 4 28 28 20 12 16 11 11 3 4 2 2 4 3 2 2 0 0 0 1 4 4 2 -1 -2 -2 5 5 -1 -2 11 12 7 8 4 -4 -4 -8 4 4 0 -4 8 8 0 -4 0 -16 -24 -24 31 55 76 60 25 19 -4 -1 -1 -4 -4 -8 -1 -1 -3 -2 -2 -2 14 128 169 94 35 -24 -226 60 72 -8 32 3 0 22 20 26 31 -49 -43 -20 29 11 50 
1 4 4 2 22 26 9 4 -4 -6 -5 -4 -69 -123 -23 32 24 28 0 -4 0 4 28 28 20 12 16 7 7 4 3 2 3 4 3 2 2 0 0 0 2 3 4 2 -2 -1 -2 11 9 0 -1 9 12 5 8 4 0 -4 -8 4 4 0 -4 8 8 0 -4 0 -16 -24 -24 24 55 75 60 25 16 -3 0 3 3 -4 -8 3 1 -2 -2 -1 6 14 44 182 168 69 5 -84 -31 64 25 40 -13 0 22 21 27 -51 -69 23 12 42 9 60 
2 5 5 4 28 32 4 -14 -3 -3 -3 -3 -68 -124 -20 35 24 28 1 -4 0 4 28 28 20 12 16 6 6 4 4 3 3 4 4 3 1 1 1 0 4 5 5 2 -3 -1 -3 13 13 -2 2 9 10 6 6 13 10 -4 -5 5 4 0 -4 8 8 0 -4 0 -14 -21 -22 17 56 74 60 26 18 1 2 5 5 -4 -6 7 7 -2 -3 -1 11 -31 12 96 222 91 73 -49 -226 42 42 54 25 6 23 22 -59 -89 28 43 26 47 -15 48 
4 9 10 6 10 10 -7 -5 0 0 0 0 -66 -139 -12 40 24 25 4 -3 1 5 28 28 19 12 13 12 11 4 4 4 1 4 4 3 0 4 4 0 3 5 6 5 -4 -10 -8 12 12 -5 5 30 30 0 13 22 13 -9 -7 21 24 -3 -4 5 5 -2 -3 0 -10 -13 -13 7 50 66 51 24 21 15 12 8 -2 -2 -3 15 15 -5 -4 -4 -3 -8 -3 -5 252 184 66 28 -58 -125 41 35 38 49 36 -47 -27 -2 50 44 -1 -3 -10 16 
4 10 9 6 -6 -7 5 13 9 0 0 0 -68 -144 -12 40 24 24 4 1 4 6 28 27 20 9 10 11 9 4 4 4 2 4 3 2 0 4 4 2 0 -3 -3 0 5 6 9 28 31 7 -9 10 16 7 25 29 -4 0 18 14 7 -4 -4 1 1 -2 -2 -2 -8 -14 -13 3 48 63 48 20 17 15 12 8 -2 -2 -2 13 12 -6 -4 -4 -5 -8 -8 1 104 201 112 69 -16 -192 15 38 30 69 -36 -47 -12 10 50 43 -8 -8 -12 0 
6 10 9 6 -24 -15 24 40 29 0 0 0 -71 -144 -12 40 24 24 4 4 7 6 27 28 20 9 10 8 7 4 4 4 3 3 4 2 0 4 4 0 8 12 13 10 16 28 29 43 51 50 9 1 0 -48 -12 5 14 14 3 23 28 -4 -4 0 -2 -2 -2 -1 -8 -13 -14 4 47 64 47 14 12 14 12 8 -2 -3 -2 6 4 -5 -5 -3 -4 -8 -8 14 7 176 190 80 10 -18 -159 59 72 -10 -71 39 11 23 27 22 -7 -9 -11 7 
12 15 11 5 -41 -14 46 54 41 0 0 0 -73 -144 -12 40 24 26 5 4 8 9 27 29 23 10 9 5 4 4 4 6 4 17 17 4 2 5 5 0 27 31 26 19 20 35 37 21 46 51 2 -11 38 45 11 -15 -40 -33 15 44 15 5 -1 0 -3 -2 -3 -1 -10 -13 -12 7 47 64 47 15 7 13 12 8 1 1 -3 0 -3 -2 -4 -2 -3 -7 -7 12 6 86 193 172 52 47 -137 -15 21 -111 44 32 21 15 12 5 2 -2 -10 9 
31 28 -5 -23 -51 42 99 52 42 -3 -3 -3 -68 -153 -21 40 27 32 8 2 8 14 14 32 29 11 11 6 4 7 7 16 -13 35 30 23 34 36 9 -6 52 36 9 23 15 28 25 33 31 18 14 15 19 22 20 28 31 -25 -90 14 21 13 14 22 -4 -9 -9 -5 -8 -14 -12 13 49 64 48 15 5 12 10 7 14 11 -9 -12 1 4 3 2 -2 -2 -2 26 -12 34 136 231 123 100 -11 -290 -53 -13 45 31 12 1 0 -1 15 9 -7 7 
24 19 -29 -41 -115 130 159 48 34 -4 -4 -4 -71 -154 -24 31 26 32 8 15 19 15 12 31 28 11 11 6 4 7 6 17 4 28 66 40 55 6 -15 -6 53 36 3 27 21 24 23 34 36 21 24 13 13 16 16 39 22 38 11 -66 -16 -13 32 26 11 -3 -1 -3 -9 -15 -12 11 55 71 56 21 3 5 7 14 18 6 -20 1 11 4 4 1 -2 -2 -2 27 6 23 41 213 221 61 24 -359 73 41 25 52 8 -8 -8 30 19 9 16 3 
5 -7 -60 -60 -89 192 165 84 16 -4 -4 -4 -76 -156 -21 32 26 29 10 13 17 13 13 27 27 10 11 10 8 6 7 4 9 36 128 39 52 1 12 15 54 36 2 22 15 23 24 39 43 32 32 20 10 16 16 10 20 25 8 16 2 -118 23 27 7 8 7 6 -11 -13 -12 7 59 80 67 27 -4 -4 -5 9 20 20 -4 -2 8 4 4 2 -2 -2 -2 21 12 13 -12 115 277 159 -63 -125 58 17 29 29 12 -8 -8 32 14 45 30 -19 
0 -28 -86 -75 1 203 122 104 9 -4 -4 -4 -81 -155 -21 47 36 30 10 -7 8 12 15 24 24 10 11 12 12 8 7 12 2 76 -3 66 42 -3 30 25 54 36 1 20 13 20 24 41 45 36 36 29 9 27 26 9 30 22 0 1 35 25 -111 -13 29 33 15 25 -4 -10 -14 3 62 88 75 29 -8 -11 -13 -8 27 32 23 1 1 12 10 3 2 0 -1 9 16 7 33 7 247 137 -139 4 17 26 35 -2 10 12 4 -2 29 65 29 85 
0 -48 -109 -65 20 181 123 79 35 8 -16 -19 -72 -152 -20 43 34 28 6 12 12 6 24 21 18 9 8 9 8 8 7 10 59 105 5 20 18 20 27 20 14 13 7 8 10 14 15 29 53 45 45 54 14 40 34 7 28 22 -10 24 8 25 79 -116 -62 40 68 42 9 8 -19 6 63 91 76 31 -11 4 -22 -29 3 59 70 21 -19 30 29 -8 8 4 4 4 27 2 37 25 -20 -136 3 -4 23 29 4 -15 24 25 3 -7 89 58 48 367 
0 -81 -99 -12 20 170 123 68 33 8 -20 -24 -72 -152 -20 40 32 28 4 15 15 2 24 22 13 8 8 13 9 7 7 11 63 -39 -8 42 22 17 18 9 8 16 16 15 17 12 12 8 62 58 58 63 30 7 33 61 -7 -10 37 57 24 63 41 49 -2 -302 100 51 21 13 -9 11 64 89 76 30 -10 4 -22 -78 -14 99 135 43 -3 19 20 -8 3 4 4 4 47 17 76 12 -258 17 39 17 32 8 -15 23 29 14 -3 50 91 -42 304 311 
0 -128 -34 8 20 171 122 68 29 8 -20 -24 -72 -152 -20 40 32 28 4 19 19 3 24 23 9 8 8 16 13 7 6 4 12 18 -3 60 3 9 7 2 16 26 28 15 11 12 12 8 60 59 58 63 49 31 3 18 30 47 71 56 -7 35 11 71 83 -34 -75 75 20 23 0 14 64 89 76 30 -6 4 -22 -79 -97 99 182 91 45 6 5 23 0 4 4 16 28 43 76 -188 -27 12 51 17 38 -13 7 23 22 9 27 77 64 206 263 128 
0 -78 16 7 18 171 123 70 26 9 -19 -23 -72 -142 -20 47 32 28 6 20 20 6 24 22 12 8 8 17 26 8 31 2 7 24 38 42 20 0 1 13 19 35 42 17 8 12 12 8 52 45 44 53 65 17 49 91 66 33 11 8 21 39 13 49 37 82 -90 -9 41 35 19 14 75 94 76 32 -2 7 -20 -77 -161 52 209 136 91 17 7 35 0 4 4 27 16 68 -12 -75 15 16 48 29 -18 14 33 22 0 31 60 59 115 244 151 5 
0 6 58 3 2 153 118 76 31 10 -13 -20 -93 -112 -50 68 32 16 12 8 4 12 12 32 32 8 8 9 38 23 63 -23 24 9 21 15 14 -2 19 40 14 48 58 8 17 9 6 7 27 54 113 2 38 101 91 53 17 19 -4 -4 5 19 12 21 41 90 27 -286 13 46 50 3 109 113 56 44 -8 16 -16 -72 -171 -30 202 174 107 53 -2 19 3 3 2 34 16 36 -256 35 34 17 26 20 -24 41 60 -17 31 35 69 123 155 155 10 67 
0 33 48 -1 -4 148 116 76 29 12 -13 -20 -97 -112 -60 68 32 12 12 8 4 12 8 32 32 8 8 12 8 102 -33 -8 13 8 8 13 8 6 27 25 23 44 35 16 27 1 1 21 39 46 95 86 127 105 28 65 -10 -10 14 17 9 6 6 23 13 52 25 14 -123 -75 56 16 116 121 60 48 -8 16 -16 -72 -186 -44 112 195 148 93 7 9 7 9 12 32 34 -110 -58 31 49 39 -4 -15 49 30 6 19 32 44 175 214 125 47 50 87 
20 32 22 4 -4 148 116 76 25 12 -14 -20 -93 -112 -60 68 32 12 12 8 4 12 8 32 32 8 8 10 80 78 2 13 17 8 8 11 8 16 36 31 36 32 1 18 20 -8 -7 41 32 45 141 121 51 19 15 12 2 6 18 19 7 10 10 7 15 5 37 61 10 -50 -42 83 121 129 68 55 -8 16 -16 -72 -171 -60 20 180 154 160 58 24 11 20 22 32 6 -95 37 44 37 34 -19 -19 64 33 1 38 16 132 229 173 13 59 71 55 
23 17 -5 4 -4 148 118 80 23 11 -11 -20 -87 -112 -55 68 32 17 12 8 5 12 9 32 32 30 8 8 219 -125 43 15 31 9 10 10 9 24 45 35 26 0 18 56 -11 -15 -14 36 108 163 76 83 -8 -6 5 7 31 39 20 5 5 8 8 5 29 20 52 29 42 15 -300 100 134 142 81 56 -2 16 -10 -72 -154 -96 10 47 182 193 101 72 13 45 30 14 -261 47 22 41 35 0 -5 8 13 -1 23 29 141 261 213 30 52 62 51 1 
5 3 4 4 -16 145 124 92 20 12 -8 -20 -75 -135 -42 42 33 32 12 4 7 13 14 20 9 58 10 189 363 -84 30 30 16 13 13 31 27 22 45 35 0 5 27 57 -7 -49 59 199 137 92 8 23 17 -15 38 48 18 25 18 6 6 10 9 6 16 16 12 27 34 40 24 -252 176 157 101 49 20 -2 8 -90 -138 -70 16 -29 138 258 353 144 -8 67 17 -132 -6 44 17 39 -2 -1 -1 1 9 43 9 40 248 308 55 70 70 35 20 8 
2 3 4 3 -20 144 124 92 20 12 -8 -20 -77 -143 -40 40 40 32 12 3 7 14 13 25 24 -14 64 430 272 -21 23 35 10 14 12 20 35 42 12 29 31 -23 32 11 -2 91 169 140 59 -6 37 35 -16 53 49 14 25 2 4 17 21 8 8 4 5 10 10 5 51 12 70 -201 213 208 124 5 27 -8 8 -91 -133 -93 20 -11 328 494 363 36 39 77 9 -480 60 16 41 0 19 -1 -1 -1 28 36 -52 285 246 144 44 72 51 5 5 6 
2 3 4 3 -20 144 124 92 20 12 -8 -20 -84 -141 -41 48 47 32 12 -1 8 12 12 19 36 34 4 422 -37 -45 29 5 42 12 12 30 31 38 6 -8 60 17 2 -17 152 178 80 25 14 16 7 27 26 50 53 4 14 4 2 22 25 7 8 4 5 10 10 8 15 38 63 59 -52 234 142 8 28 -8 8 -96 -149 -102 87 400 469 318 131 90 34 24 49 -336 60 16 41 -8 14 -1 -1 17 22 16 124 312 199 12 65 36 17 -10 -10 10 
3 4 3 3 -17 144 126 92 24 14 -7 -19 -88 -140 -38 51 49 32 12 1 8 12 13 13 20 36 173 473 -274 -13 44 20 38 24 12 45 37 -8 33 26 13 3 25 148 180 71 -13 23 27 30 13 9 46 39 -13 5 10 32 31 10 9 16 7 20 14 17 9 6 26 44 58 74 -130 223 166 25 27 -6 8 -96 -180 28 477 425 151 143 120 19 -17 74 89 -83 -6 43 17 32 9 2 3 48 24 37 313 284 11 48 32 26 17 -1 -2 -2 
3 4 4 2 -7 115 132 68 36 20 -4 -16 -77 -157 -28 46 40 29 12 16 16 6 24 22 32 18 361 451 -240 -36 51 6 30 38 32 26 25 -17 52 4 20 -1 149 150 55 17 15 33 36 21 6 28 21 19 14 -12 22 50 47 37 -13 30 -13 34 12 15 20 33 39 6 12 41 42 -129 106 66 37 -13 -2 -126 96 324 441 26 88 85 15 16 8 100 69 -82 15 50 29 -10 27 12 15 30 -26 268 334 148 46 53 2 13 16 -1 -2 3 
4 4 4 1 -6 105 132 62 39 20 -4 -16 -79 -161 -28 46 36 30 10 14 14 3 24 23 41 -4 482 390 -156 -24 39 17 56 -1 38 -3 34 16 28 -7 -2 169 129 7 34 43 67 40 14 41 21 6 53 6 10 67 38 23 21 46 21 26 -5 30 -36 79 81 23 41 0 0 16 51 54 -164 92 0 23 -17 131 241 213 48 93 79 6 -14 18 34 66 54 -128 66 49 14 33 -8 42 39 -5 78 339 294 2 48 41 2 0 10 -2 -3 1 
4 4 4 1 -6 104 132 62 43 19 -2 -15 -83 -162 -28 46 36 30 9 6 6 2 24 22 39 -3 526 201 -120 -28 19 12 13 38 0 57 29 18 -25 61 79 133 -6 37 13 52 73 57 13 5 56 75 10 16 39 62 11 29 28 1 43 32 12 -34 44 54 30 10 0 0 0 26 -4 101 -5 -32 32 115 111 118 26 69 74 7 -1 5 11 11 41 49 26 -299 64 45 10 30 -7 41 39 20 244 292 98 47 46 15 -2 -4 -1 -2 -2 -1 
2 4 4 2 3 104 132 68 45 20 -3 -14 -87 -161 -28 47 36 31 8 0 1 4 24 21 16 -30 514 -55 -123 -63 26 27 38 31 45 28 -11 30 28 100 90 -19 33 30 70 63 26 38 63 10 40 44 42 46 42 1 27 16 25 34 33 -20 57 9 3 53 56 -9 7 0 10 7 -14 45 52 -99 121 109 28 13 67 45 -5 6 10 11 6 27 62 71 29 -557 3 33 19 -6 34 12 34 161 255 185 26 51 30 -7 0 1 -1 -1 -2 -1 
1 1 1 0 24 89 117 92 39 20 -4 -15 -84 -166 -31 39 33 27 7 0 4 4 12 17 24 146 536 -168 -113 -65 5 5 50 28 40 27 6 20 98 56 31 2 -9 72 54 37 15 54 60 35 -21 48 46 22 16 6 9 14 35 35 2 10 36 33 20 30 32 -18 -7 52 14 -13 -2 39 54 9 38 29 49 34 7 5 3 6 7 15 -15 47 79 55 51 -397 51 47 32 -6 28 13 120 248 248 22 58 20 17 0 0 -2 0 0 0 0 
0 0 0 0 24 84 116 92 33 20 -4 -14 -81 -168 -32 41 35 27 6 -1 4 4 8 8 20 189 531 -138 -65 -46 -33 -39 34 8 96 19 83 55 115 -21 24 7 92 41 24 0 59 61 21 13 73 35 12 3 6 11 3 0 33 38 5 3 4 26 32 -1 1 29 -3 30 18 -3 58 54 33 43 57 52 15 8 23 4 3 24 -7 37 -95 110 87 73 8 26 46 31 20 -11 46 32 196 330 93 33 67 4 8 0 0 -4 0 0 0 0 
0 0 0 0 24 84 116 92 29 20 -3 -14 -77 -168 -32 44 37 28 6 -4 4 4 8 4 8 242 522 -88 -56 -39 -43 -59 -9 69 63 6 149 62 42 46 4 105 69 8 43 40 16 38 27 60 35 0 13 12 15 14 7 13 27 14 14 21 22 10 28 -1 0 28 -18 28 53 49 67 43 39 48 37 -6 1 27 34 4 3 19 24 -58 50 95 171 168 -312 95 26 -7 11 31 11 135 210 260 -7 51 52 12 -3 0 0 -4 0 0 0 0 
0 0 0 0 27 86 116 92 30 18 -2 -14 -73 -168 -32 46 40 28 5 -5 4 4 8 4 -4 318 513 -51 -71 -49 -27 -57 -8 66 7 120 73 13 30 -23 95 66 12 13 69 39 0 44 53 18 34 39 15 18 16 15 7 16 8 35 30 12 12 24 -3 8 5 8 21 38 84 18 54 63 25 -15 0 7 15 19 14 13 15 20 1 15 60 -31 211 179 -338 75 72 -23 26 53 75 225 287 19 42 78 -28 23 -3 0 0 -3 0 0 0 0 
0 0 0 0 38 90 105 75 43 17 -5 -15 -64 -171 -38 45 40 25 8 4 8 1 2 4 -14 474 467 -43 -86 0 28 -64 -48 79 81 77 13 -4 42 59 52 19 -14 53 79 14 65 97 -16 30 33 11 14 36 105 23 26 54 12 48 17 21 6 24 -1 29 48 82 75 48 46 40 34 3 -7 27 30 10 11 13 6 23 25 10 -130 66 18 14 298 151 25 -4 72 -18 36 27 143 269 209 37 31 27 0 8 0 0 0 0 0 0 0 0 
0 0 0 0 37 91 104 71 41 16 -6 -16 -65 -172 -40 44 40 24 8 4 8 0 0 0 -35 494 490 -45 -72 -18 22 -18 -113 121 61 25 37 33 90 44 11 -22 11 86 63 88 98 -23 7 11 44 120 76 57 181 211 57 -27 49 56 20 23 24 73 23 38 110 85 28 54 63 -7 9 14 15 20 21 9 11 29 5 37 27 13 -17 11 -37 279 385 -379 59 30 13 16 49 6 259 293 37 56 32 0 0 0 0 0 0 0 0 0 0 0 
0 0 0 0 36 89 104 69 39 16 -6 -17 -68 -172 -40 44 40 24 8 4 8 0 0 0 -39 495 501 -52 -53 -48 26 40 -85 70 22 37 35 80 56 -1 -1 14 26 24 45 76 -5 62 81 -72 -9 79 401 87 -112 38 90 98 42 -48 44 -20 -24 302 397 77 50 90 75 14 19 33 12 19 21 10 7 9 8 27 -5 55 12 -142 -138 -2 238 349 218 -123 42 55 -7 48 16 138 291 200 47 40 30 0 0 0 0 0 0 0 0 0 0 0 
0 0 0 6 36 88 102 70 38 16 -6 -12 -71 -172 -40 46 42 24 8 4 8 0 0 11 -17 484 510 -11 5 -113 -4 60 -64 42 15 19 110 80 -11 -8 18 18 6 31 62 20 81 54 -35 -9 -1 -66 365 89 -85 -67 61 94 -34 -45 -3 49 95 403 514 124 120 82 -4 14 16 1 7 13 13 27 6 19 21 7 -10 -64 -95 -52 81 134 287 245 -351 52 40 -3 16 42 -6 309 315 60 77 97 0 0 0 0 0 0 0 0 0 0 0 0 
0 -6 -6 22 35 83 100 67 43 4 0 0 -78 -175 -43 51 48 24 8 4 8 0 0 0 -9 308 553 6 35 -165 18 105 -44 16 11 92 109 2 -14 52 61 -6 55 72 18 -24 91 -11 43 5 28 -13 88 178 -83 18 102 -22 93 1 -37 178 381 265 108 165 76 -4 -1 0 -3 7 11 21 74 60 -2 37 -19 -119 -60 4 68 53 192 172 204 -180 7 21 20 22 6 48 65 340 260 3 77 68 -3 -3 -3 0 1 -3 -6 0 0 0 -3 0 
0 -8 -8 17 35 83 96 67 43 0 0 0 -71 -176 -44 49 47 24 8 4 8 0 0 0 4 20 551 57 34 -152 44 111 -36 -58 103 72 21 -20 19 41 15 24 47 50 21 162 27 -54 36 -50 -16 69 183 170 -98 125 66 -47 195 51 288 415 260 201 187 11 30 19 5 7 7 10 -1 31 84 37 -5 -79 29 -20 37 84 116 116 159 85 -300 23 36 4 4 16 47 42 221 348 64 83 39 28 -4 -6 -5 -1 0 -4 -8 0 0 0 -4 0 
0 -8 -8 7 34 82 96 68 44 0 0 0 -64 -178 -45 47 43 24 8 4 8 0 0 0 23 -65 586 377 -13 -39 -47 64 -68 58 110 0 -29 33 40 12 54 20 29 67 65 103 -42 16 34 -25 -19 295 266 -84 252 227 48 -54 256 91 397 215 210 170 -3 32 27 25 9 18 17 11 19 24 35 -106 -28 67 147 53 54 98 88 73 98 -282 67 27 19 -5 -4 -4 64 21 317 294 7 86 34 6 -4 -6 -5 -4 -3 -4 -8 0 0 0 -4 0 
0 -8 -8 1 33 89 107 71 44 1 2 1 -61 -169 -45 47 40 26 9 4 8 2 2 7 25 -49 408 520 -37 -57 -2 -34 35 94 70 -46 45 34 19 9 67 7 41 112 -77 35 25 22 53 9 126 221 -58 134 185 63 37 142 428 205 73 223 165 -51 48 27 -4 4 16 23 23 14 24 1 -104 81 194 32 212 125 35 18 62 88 -227 52 84 14 41 -12 -9 50 33 146 326 99 94 42 26 4 -3 -4 -3 -3 -3 -4 -6 0 0 0 -4 0 
0 -11 -11 12 2 101 143 77 33 4 8 4 -81 -136 -75 56 28 32 12 -4 4 5 7 20 28 -3 40 464 284 -126 55 -96 128 44 -5 66 82 0 19 63 17 14 -97 13 50 20 -14 118 295 -15 217 138 28 145 112 198 345 -32 383 182 195 168 -19 -23 29 25 -8 28 44 21 22 11 16 -279 41 156 192 132 132 169 63 116 30 -233 9 49 16 22 27 -24 9 40 31 241 268 38 89 62 4 6 0 0 0 0 -2 -2 -2 -3 -3 -5 -4 -1 
0 -12 -12 8 -4 102 143 79 40 4 8 4 -88 -136 -84 56 28 32 12 -3 4 6 6 33 26 17 9 349 527 -62 -9 -119 -4 41 19 64 26 6 16 48 22 -57 -14 -1 81 -58 -7 220 300 156 134 27 31 15 136 169 247 121 154 284 48 18 -31 15 19 17 -2 39 50 6 7 49 50 -138 -58 91 15 136 121 166 121 14 -105 13 43 16 16 11 11 -23 12 30 133 264 113 139 129 44 -16 9 2 0 0 0 -2 -2 -2 -2 -4 -5 -5 -3 
0 -12 -12 -3 -15 101 142 80 51 4 8 4 -88 -136 -84 56 28 32 12 1 7 6 7 37 31 28 -31 -4 557 77 -35 -154 -56 -8 69 51 26 29 32 7 -13 -87 22 96 114 -39 -5 129 139 75 -8 14 38 34 150 165 129 158 204 134 10 10 -26 34 16 -7 9 38 44 23 24 24 8 -40 -244 23 113 121 261 148 46 -209 32 10 15 16 16 11 -22 15 27 22 215 269 -27 156 124 11 -3 20 1 0 0 0 -2 -2 -2 -2 -4 -5 -5 -4 
0 -11 -11 -8 -20 101 143 80 55 8 8 4 -84 -136 -84 57 28 32 12 7 8 5 11 8 47 21 -28 30 568 209 -43 -46 74 35 57 71 59 42 -18 -19 19 24 -37 89 113 73 -29 53 317 138 41 -8 26 0 255 195 138 194 116 44 33 -34 31 47 22 -12 43 70 67 15 15 8 -7 -29 -190 -171 110 187 268 142 -42 -94 18 23 10 23 20 9 -40 27 41 78 250 181 63 121 56 5 16 30 0 0 0 5 4 -2 -2 -2 0 -4 -5 -4 
0 -8 -8 -5 -20 104 146 81 44 21 2 -8 -72 -133 -82 58 28 33 12 13 9 -2 20 19 44 32 -6 -26 528 374 -144 45 53 33 -5 83 26 -24 44 -134 144 3 13 28 108 46 4 58 187 309 -53 -89 10 364 324 165 195 203 126 57 12 -51 56 60 -8 18 78 70 19 12 12 8 19 -8 -199 -188 -61 143 293 321 -88 24 0 32 6 41 28 -24 -10 5 21 179 313 16 96 67 28 11 14 15 1 -4 -3 19 18 -12 -12 8 11 -2 -3 -2 
0 -8 -8 -5 -20 104 145 82 46 22 0 -14 -72 -133 -83 60 26 34 13 14 10 -4 20 103 83 0 -3 2 410 538 -370 28 -9 101 72 4 -89 -12 20 -33 198 -10 123 17 72 89 -9 121 30 275 -146 -4 333 345 184 201 -27 184 103 117 -19 -24 33 39 30 53 61 46 9 12 12 16 31 -8 -134 -212 -137 116 184 370 -102 -6 -7 32 -3 38 23 -37 1 55 17 315 303 24 114 12 5 8 8 18 15 11 11 6 0 -4 -5 -3 -1 0 -1 -3 
0 -9 -8 -6 -19 104 145 82 54 22 0 -13 -72 -134 -82 60 27 32 14 14 11 -4 19 115 91 -13 18 21 74 426 -172 -3 54 55 42 1 -104 -50 -9 42 237 53 98 -7 -5 78 -19 195 23 319 2 313 383 126 187 19 2 99 121 116 -15 -21 1 22 40 56 48 22 13 14 13 8 37 -9 -54 -272 -196 70 127 390 -21 -84 6 33 0 28 12 -36 35 51 151 312 183 117 116 -7 -2 -1 -2 0 5 12 11 13 11 4 6 2 -3 -1 0 -1 
0 -7 -7 -3 -17 104 148 84 56 23 -1 -12 -72 -133 -74 58 27 33 13 13 10 -3 19 55 51 1 14 14 10 377 62 68 73 30 54 -145 -45 226 -54 17 159 -30 105 0 13 120 -25 166 79 273 254 380 177 173 83 59 -14 36 239 51 -14 9 42 43 17 33 40 35 15 14 15 7 43 12 -24 -285 -189 -10 125 420 157 -145 9 35 10 18 4 -21 54 -12 301 353 2 147 85 12 -5 -8 -8 -5 -3 -4 -4 4 5 8 8 10 6 1 1 1 
0 -3 -4 5 -17 97 148 96 47 24 4 -12 -71 -150 -57 48 33 36 16 9 9 -1 21 48 58 16 48 11 104 10 139 67 51 -16 -7 6 61 342 5 12 66 107 44 79 77 87 106 124 185 69 365 159 181 53 72 110 7 -9 181 0 14 25 37 44 24 22 39 38 9 17 16 22 23 46 -48 -186 -179 -91 117 434 337 -110 8 17 33 8 -32 31 19 47 337 206 93 98 39 1 2 3 4 3 -12 -19 -20 -1 3 0 -2 18 19 5 6 9 
0 -2 -3 3 -20 94 149 96 49 24 4 -12 -67 -158 -58 43 32 36 16 7 5 -2 22 37 47 22 46 207 63 -134 190 143 64 -10 -102 159 -34 359 -24 69 98 57 33 49 132 13 302 130 13 412 309 308 81 27 78 136 5 -43 -61 62 62 72 77 48 3 24 44 30 25 12 11 25 17 34 -9 -196 -204 -40 73 399 476 -162 20 -1 26 0 -19 29 -6 182 303 71 113 86 -2 39 2 3 4 10 5 -12 -12 -9 -4 -4 -6 1 1 2 2 22 
0 -3 -2 -1 -28 94 150 95 52 24 4 -12 -64 -159 -59 40 32 36 16 3 1 -1 23 38 33 46 38 225 -200 -32 362 420 -173 -62 111 148 86 292 -251 50 83 31 47 10 154 97 207 -21 325 384 193 280 73 -17 159 139 -17 19 27 15 14 55 148 183 147 26 20 63 41 1 1 37 35 -1 -106 -58 -133 -14 59 275 500 -284 36 36 8 -19 0 27 -1 258 298 40 97 56 -3 42 3 4 3 11 7 -4 -4 -2 -4 -5 -4 -2 -5 -5 -8 1 
0 -4 -3 -1 -33 97 159 95 56 24 4 -12 -64 -151 -58 43 32 36 16 7 -1 12 21 39 58 94 155 35 32 -29 363 332 -89 -27 151 -16 153 160 134 178 41 189 121 -14 69 190 -15 17 420 183 223 115 57 87 179 -42 32 108 41 177 -89 -47 30 190 233 126 33 97 40 -7 -8 -6 -152 -44 50 102 -83 -90 -7 232 483 -318 55 61 -2 -32 15 33 43 265 232 116 110 16 -6 1 3 4 3 2 -1 -1 0 6 3 -1 -2 -2 -11 -15 -15 -10 
0 -7 -7 8 -36 113 182 89 61 26 3 -12 -70 -136 -78 59 28 31 10 20 9 27 9 122 165 70 131 -5 77 33 -107 56 120 206 169 129 125 124 199 178 -11 203 265 -58 26 32 22 396 351 194 60 128 -14 77 2 -51 12 -12 0 170 -35 101 239 20 102 122 46 119 65 35 -27 -163 -78 -54 49 49 29 -39 -24 150 431 -283 38 29 3 -3 29 15 140 310 97 114 93 -4 -7 1 4 1 1 7 7 -4 -4 0 1 7 4 3 -6 -11 -17 -8 
0 -8 -8 11 -33 121 192 92 62 25 3 -11 -75 -136 -84 53 24 32 8 18 18 -11 -9 400 204 46 71 6 -2 52 -60 217 165 102 135 124 77 122 52 177 9 -16 218 193 -54 34 186 448 214 72 66 113 -38 -75 -133 -1 55 -13 60 429 17 44 298 255 17 61 64 133 131 10 -266 -57 106 204 -69 56 17 -20 -12 116 426 -306 -33 9 -11 4 26 -4 286 331 48 64 51 -8 -8 2 4 0 0 5 5 -4 -7 -2 -1 3 0 0 -10 -9 3 4 
0 -8 -8 2 -41 133 203 99 62 25 2 -10 -79 -136 -84 64 24 32 8 22 6 -9 -14 418 1 21 71 -109 15 9 156 108 74 70 332 116 32 49 -5 197 223 23 31 107 50 11 310 353 201 66 66 31 -90 -44 -123 116 202 -64 85 600 255 -308 132 167 40 89 61 179 124 -39 -81 -9 184 312 -136 -25 27 0 4 127 476 -258 -51 -27 -23 12 16 10 340 272 63 79 0 -9 -8 2 4 0 0 1 1 -4 -4 -3 -1 -7 -8 -3 -13 -15 31 38 
0 -8 -8 -5 -65 138 207 104 63 27 3 -8 -81 -136 -84 75 47 31 10 35 -19 -32 24 347 144 273 -176 -140 41 139 155 61 80 32 256 104 53 3 31 91 231 -30 53 17 -13 321 289 284 127 96 64 -44 25 85 -77 78 222 5 220 478 108 -149 47 9 38 83 130 197 135 -290 87 -9 169 338 -183 -89 18 8 36 132 518 -151 1 -90 -2 15 12 110 329 85 55 79 -4 -7 -6 6 6 0 0 0 -2 -4 -4 4 -2 -11 -12 -10 8 40 68 64 
0 -14 -17 0 -45 125 204 109 64 32 12 -4 -87 -139 -87 66 53 58 12 88 48 328 240 217 115 44 2 220 133 146 -150 216 109 36 269 79 111 -74 17 -12 63 15 3 4 55 364 282 275 136 88 -109 104 36 57 24 -64 90 91 195 167 51 24 -68 -15 8 43 143 208 134 -215 63 20 124 43 -149 26 -17 -26 98 101 561 -20 5 -116 55 22 6 233 311 22 52 52 -4 -4 0 11 9 -2 -2 5 1 -10 -13 9 -2 -5 21 41 52 65 60 39 
0 -19 -20 -12 -56 131 212 116 64 32 12 -4 -88 -140 -88 91 60 67 -3 120 130 241 77 -44 102 -134 21 265 219 71 -180 231 142 156 269 94 29 -84 9 1 31 -1 35 -43 389 363 245 50 124 -51 134 132 38 43 20 -10 -36 10 52 25 67 75 -24 -20 15 19 136 203 149 -156 -60 -16 -13 -115 12 42 -65 -27 93 70 559 57 -46 -99 29 70 1 311 169 65 81 19 -4 -4 0 8 7 -2 -3 3 -1 -12 -14 -9 -3 24 107 102 47 41 28 8 
0 -17 -19 -12 -68 140 221 123 64 32 12 -4 -88 -140 -88 62 65 25 -2 130 125 -14 -133 36 90 10 170 155 259 45 -142 60 195 124 199 84 63 -137 25 -2 26 32 18 154 415 275 206 83 50 118 133 95 47 36 26 36 2 24 62 48 49 11 -45 1 27 -1 117 212 181 -113 -72 -44 -37 4 -27 15 -99 -13 80 35 558 148 -136 -25 13 46 70 336 86 76 67 -7 -4 -4 0 0 0 -3 -2 -1 -8 -12 -14 -8 41 132 125 71 8 -6 4 12 
0 -16 -17 -11 -63 146 230 127 64 32 12 -4 -85 -136 -88 58 40 94 47 92 69 19 27 -28 34 51 190 113 -35 52 -60 62 189 3 228 53 51 -66 16 39 -22 36 -17 401 271 330 158 22 -25 213 66 77 73 31 43 56 -9 18 56 25 20 -9 -72 8 8 -16 101 220 229 -133 -14 -49 -42 -5 17 -29 -128 8 65 2 556 206 -215 -4 16 35 237 337 21 120 6 -8 7 -4 0 0 0 -2 -2 -2 -4 -8 -14 50 124 136 74 12 8 -19 13 16 
0 -9 -12 -8 -70 150 234 130 64 31 9 -6 -78 -122 -100 57 90 104 84 44 -15 -131 45 -80 80 68 147 100 33 -115 35 14 117 150 32 7 230 390 -203 -11 12 32 161 424 250 325 98 -329 224 192 58 48 69 41 41 35 24 23 3 6 14 -32 -44 -1 -21 -11 70 237 227 -79 -32 -14 -57 -23 4 -28 -181 40 54 -4 554 233 -356 13 49 1 329 294 78 93 -9 6 18 -4 -3 -3 -2 -4 -5 -3 1 -5 38 149 148 81 17 6 -2 -7 23 22 
0 -9 -12 -8 -50 152 235 129 64 32 8 -7 -73 -123 -104 56 81 32 59 -14 141 -21 37 -104 151 6 294 35 -72 -76 55 38 37 116 61 49 302 368 26 -17 7 46 410 311 321 38 -67 90 211 148 44 42 55 42 42 38 38 24 -3 -6 -9 -42 -44 0 -23 -10 61 221 215 -36 -57 -12 -47 -24 -12 -37 -138 43 74 -18 560 253 -199 52 82 -5 350 196 105 68 -16 29 -3 -5 -6 -4 -1 -4 -5 13 4 -38 148 168 88 24 6 4 9 15 23 20 
0 -12 -12 -6 -46 152 233 129 64 32 8 -8 -69 -123 -104 157 83 52 73 34 111 84 51 19 12 0 270 204 -134 -9 22 41 -4 73 108 -1 310 254 165 -24 8 171 427 307 357 0 -11 119 190 126 64 31 27 40 40 39 39 23 0 -10 -15 -43 -42 3 -19 -12 62 176 204 15 -80 -12 -44 -25 -29 -60 -85 47 97 -48 541 326 -79 42 98 146 346 78 92 47 -9 35 -4 -6 -5 -4 -1 -4 -4 18 2 47 172 175 7 -7 12 12 20 23 15 7 
0 -11 -12 -6 -56 158 239 132 64 30 10 -4 -68 -118 -104 243 144 122 93 21 226 318 -66 -7 208 152 244 165 -78 13 -1 15 17 208 192 58 281 318 49 340 -83 435 368 343 178 -376 148 159 186 125 79 43 24 40 40 25 25 21 1 -2 2 -44 -43 14 -9 -12 73 137 230 68 -99 -14 -37 -28 -35 -79 -28 58 106 -72 488 401 -60 -28 97 283 357 56 77 15 -7 -2 -4 -4 -4 -3 -1 -3 -4 7 -26 153 166 75 3 4 35 31 22 23 -7 -5 
0 -15 -15 -8 -56 172 265 152 63 18 16 8 -75 -108 -113 125 172 42 42 -27 280 216 -6 -8 148 126 155 170 -78 -53 60 -3 27 186 199 154 143 229 -285 160 132 385 247 374 -198 38 117 218 112 118 79 30 26 31 31 19 16 14 15 5 9 -50 -59 46 4 -38 75 122 235 164 -187 -1 -28 -22 -13 -166 55 83 95 -92 394 485 -41 -105 83 344 286 84 72 -6 -9 4 5 -4 -4 -2 7 3 -20 -8 40 179 128 28 -4 17 45 38 5 5 0 4 
0 -16 -16 -10 -55 168 271 167 55 16 16 8 -69 -121 -77 172 111 47 21 -129 96 115 -19 -12 172 -53 309 245 -40 -5 74 45 1 191 169 183 5 10 -5 67 451 172 309 159 -287 74 99 243 84 108 76 21 25 30 28 17 15 14 15 7 -14 -13 -98 82 19 23 13 114 215 180 -240 14 -9 -23 -51 -135 50 91 82 -93 282 511 -38 -281 124 350 164 81 35 -11 -10 4 6 -5 -6 -2 7 2 -22 -19 122 165 76 8 25 16 34 25 0 0 0 3 
0 -16 -16 -10 -44 180 267 157 48 16 16 8 -63 -107 -44 115 -1 80 77 -122 94 164 -132 271 278 -3 306 321 -128 119 92 57 -104 152 113 292 153 -48 25 537 518 46 50 -84 -39 79 90 281 79 102 65 20 24 28 29 16 12 13 12 8 -4 -13 -96 93 -27 91 53 82 242 168 -155 18 -13 -38 -152 -36 55 104 50 -86 91 476 -61 -293 236 375 31 83 -4 -11 -10 4 6 -4 -5 -3 8 3 -22 11 170 156 42 10 42 20 13 6 12 0 0 0 
0 -11 -11 -11 -8 191 249 113 49 17 16 9 -58 -98 -128 65 87 68 52 -45 72 130 -118 395 61 1 155 268 125 98 109 123 217 -30 209 267 -84 106 114 523 379 125 -112 37 58 87 172 325 74 100 57 19 27 28 30 16 11 13 13 8 23 -51 -53 24 -67 83 36 102 269 112 -52 6 10 -38 -149 5 46 112 21 -84 21 575 -4 -210 331 357 41 91 -7 -10 -11 4 5 -3 -5 -4 8 3 -22 71 174 113 29 8 40 23 -3 10 19 0 0 0 
0 16 16 -24 34 169 205 95 25 20 19 10 -55 -116 -124 81 81 95 89 -136 173 -32 252 201 79 19 172 70 199 15 -87 243 441 -218 255 154 153 135 156 34 260 225 -36 103 97 -24 166 306 14 114 30 23 38 24 23 16 16 16 16 10 10 -17 -19 -13 -2 72 -21 160 113 -25 -34 -29 9 -105 -2 22 44 110 13 -52 -47 579 167 -193 390 266 42 21 7 -8 -8 -2 -1 -2 -2 8 4 26 -24 163 195 50 48 39 21 6 0 6 9 0 0 5 
0 17 16 -29 67 176 178 69 50 20 19 11 -59 -116 -132 106 53 153 111 -204 176 91 106 -93 135 40 136 66 103 130 -130 130 249 -23 48 365 188 159 41 188 361 -297 65 1 61 -40 120 283 -16 105 41 15 20 24 23 12 10 16 16 20 15 -12 -11 -8 16 234 16 135 29 -101 -38 -20 -16 -179 34 -7 69 87 -10 -23 -50 512 357 -189 290 156 44 21 -2 -9 -8 -4 -2 -2 -3 4 4 16 -29 176 184 32 47 27 16 0 0 7 7 0 0 6 
0 18 18 -24 67 176 178 69 52 19 20 10 -61 -116 -132 69 139 129 7 -78 190 141 140 51 83 47 47 125 112 221 -4 152 -125 73 91 339 139 113 -103 268 120 28 69 -14 105 -2 73 260 -33 87 59 32 12 24 22 12 10 16 16 17 13 -2 -2 11 46 235 33 104 60 -123 -32 -24 -53 39 26 26 78 76 -40 -32 -56 429 446 -13 190 61 35 17 -1 -8 -8 -4 -1 -2 -2 -2 4 -8 -19 189 156 27 47 3 16 0 0 11 11 0 0 6 
0 16 17 -6 44 165 197 95 33 19 20 9 -64 -113 -126 99 186 19 97 -41 213 -139 116 50 27 104 -37 97 36 259 136 6 124 315 166 212 140 -110 206 228 25 208 -50 38 130 20 33 242 -36 83 67 44 14 21 23 12 11 21 16 19 9 6 3 35 54 117 72 28 27 -134 27 7 -217 41 43 29 97 62 -49 -12 -46 342 471 50 147 53 33 3 8 -7 -7 -3 1 -2 -2 -2 11 -25 -2 203 130 28 56 -12 16 1 1 12 12 0 0 7 
7 12 12 7 103 149 207 93 29 16 17 10 -55 -126 -137 237 120 195 138 -20 218 -39 66 9 116 269 -68 -19 73 108 126 63 249 208 372 32 -139 140 254 -141 66 162 -40 64 61 19 6 216 10 113 96 48 13 24 21 17 6 22 -47 48 32 25 -4 9 13 61 72 -14 55 -18 128 -2 -15 36 48 25 89 66 53 28 33 283 499 57 76 37 29 15 -4 -5 -4 0 3 -3 -4 -3 16 -36 6 219 134 45 17 27 2 4 4 16 15 -1 -3 11 
7 10 10 7 100 140 203 87 24 16 16 9 -65 -69 60 215 117 215 1 23 44 92 76 61 62 437 -51 64 -4 159 -63 87 279 94 340 -32 69 281 -9 -5 28 108 -15 38 71 28 -13 180 10 112 96 51 13 24 22 42 32 -12 -60 -15 22 26 20 29 51 92 120 -78 52 67 85 -258 59 19 18 58 40 68 51 37 95 217 486 34 39 22 20 12 -4 -6 -5 0 1 -4 -4 -4 15 -43 29 227 132 43 8 24 1 4 4 18 16 -2 -2 0 
7 9 9 26 95 131 191 81 44 16 16 9 -49 -74 -5 -47 287 132 -70 149 72 -69 208 41 125 444 -74 146 62 -63 75 127 197 7 339 -30 225 111 24 26 -3 106 14 26 71 42 -36 133 8 113 96 51 14 22 24 46 50 -8 10 -28 7 18 26 78 123 21 111 -96 53 38 -107 -28 74 22 20 74 142 83 19 38 90 125 436 1 8 11 11 5 -4 -5 -6 -3 -3 -4 -4 -4 12 -43 57 234 127 33 0 16 1 4 4 6 5 -2 -1 -1 
7 8 8 33 105 121 188 90 72 20 16 12 -38 -135 -148 214 234 -12 -102 307 24 47 211 21 322 280 -8 30 139 162 19 184 140 172 293 217 186 -31 15 59 -24 29 46 -11 49 45 -50 93 29 114 100 48 30 21 28 42 52 9 44 -41 -1 -4 25 25 47 21 26 70 27 -64 -190 12 53 16 16 53 150 64 95 17 78 63 404 16 13 14 1 1 -1 -3 -3 -3 -4 -4 -4 -4 9 -41 65 253 127 27 -5 16 2 4 4 2 -4 -2 -2 7 
2 5 5 75 164 88 193 74 89 39 7 22 -75 -124 -128 316 173 -18 -70 302 -157 121 222 28 478 153 129 113 -58 224 119 122 145 284 178 81 -110 78 45 37 -34 48 21 11 40 19 -12 47 87 86 101 63 55 23 42 53 22 6 19 4 3 5 4 4 9 31 59 73 -35 -169 -103 12 47 38 24 20 175 90 81 -7 104 32 449 52 -11 52 4 -6 7 0 0 0 -7 -13 -11 -7 1 -41 54 294 134 14 10 30 -3 -5 -5 -5 1 2 1 9 
1 4 4 138 205 68 166 81 88 39 5 21 -71 -124 -140 284 152 -38 80 130 -63 173 126 -24 491 44 54 146 -6 -29 175 7 132 359 254 -270 32 51 59 46 -52 48 4 3 28 18 -2 25 60 -27 68 57 81 77 32 42 22 16 17 8 19 34 35 43 24 -8 -4 0 -37 62 -3 44 29 28 15 14 206 80 60 3 80 -11 475 64 -29 52 4 -8 4 0 0 0 -5 -13 -14 -9 -5 -35 85 293 118 7 6 29 -4 -8 -8 10 12 -1 -3 8 
2 3 4 159 211 86 125 92 83 38 5 21 -68 -124 -140 141 151 -82 97 139 15 192 109 62 317 28 127 167 68 -66 208 39 -36 336 190 -29 10 21 39 72 -56 48 4 -8 27 28 6 27 11 8 77 31 91 91 73 69 16 27 28 44 42 26 28 36 21 -1 -22 -14 -241 101 -16 37 15 34 -1 -4 242 55 55 15 17 -56 502 79 -44 52 4 -8 0 0 0 2 -2 -14 -13 -8 -11 -21 119 323 83 -2 -3 24 3 -8 -8 1 5 5 4 3 
3 3 10 152 188 107 113 96 69 39 8 25 -67 -124 -140 106 156 -46 127 212 45 97 94 42 401 67 46 201 126 60 69 77 -46 66 -72 -28 -9 8 59 59 -56 65 4 -8 28 31 13 8 23 27 84 9 76 81 103 93 53 34 34 37 35 33 33 20 12 3 -42 -37 -215 73 -1 44 20 52 8 0 255 32 49 24 14 -28 512 84 -56 52 14 -4 1 1 0 2 -2 -10 -11 -7 -18 -16 180 334 53 -10 -11 20 11 0 -8 -8 -10 -13 -15 -9 
0 -5 18 87 167 96 145 93 69 22 16 33 -69 -98 -92 242 73 -96 181 89 2 46 -8 9 451 234 -72 71 196 60 100 155 71 57 -87 4 3 16 90 82 -89 121 1 21 21 -2 39 39 17 6 56 53 -25 53 78 78 84 53 53 60 56 41 43 25 -2 -17 -44 -32 -162 43 0 20 46 42 -23 48 196 18 20 31 -11 -21 474 49 -66 29 52 11 15 8 5 13 9 -9 -8 -7 7 -47 316 307 41 -12 -12 38 14 12 -21 -17 -13 -154 -119 -42 
9 3 -21 90 171 86 179 139 46 16 16 35 -67 -101 186 274 181 -139 173 116 35 12 3 13 381 234 11 -79 270 63 239 197 139 -3 275 -56 17 71 67 114 -54 143 -7 19 18 -7 32 32 24 4 26 76 70 83 75 57 61 29 29 45 43 33 33 20 10 19 45 37 -167 -20 4 10 33 11 -10 51 173 18 10 25 -1 -23 418 5 -31 12 35 25 28 13 14 39 36 -12 -10 -9 4 -27 340 254 12 -5 -4 25 6 -4 -57 -87 -234 20 36 55 
7 -2 -32 43 131 88 177 140 73 16 16 36 -41 39 81 -12 173 -91 195 140 76 21 171 7 275 228 34 -69 202 267 63 136 154 -48 392 193 -88 27 92 115 -5 164 -17 9 8 2 15 13 36 12 -1 99 136 108 56 24 12 19 22 27 25 13 15 8 34 73 81 58 35 -16 -164 -80 24 2 3 73 174 18 10 12 8 14 370 -55 12 -9 9 19 7 8 9 31 33 15 15 9 -7 10 368 177 0 5 5 4 4 -71 -57 -232 -15 73 107 50 
0 -70 -50 15 82 60 219 197 84 20 16 49 -6 -31 -12 212 161 24 68 173 78 22 204 -72 44 313 302 -61 138 204 57 85 87 -43 290 28 177 -62 84 144 14 175 -21 5 8 21 1 8 46 25 -24 88 143 124 28 17 14 27 24 24 20 -3 -1 16 57 82 73 35 54 52 -7 31 -123 -82 -23 90 175 17 10 6 33 54 390 -63 29 -4 -8 21 -10 -14 -14 6 12 10 11 32 -16 23 415 115 14 12 13 10 -33 -111 -218 26 50 71 83 8 
12 -22 -108 4 -4 37 261 233 74 34 6 32 -10 -155 58 297 -132 30 47 178 177 55 264 -60 76 126 308 124 124 58 190 78 127 117 107 -21 106 337 48 90 0 178 1 6 12 60 -25 11 53 36 -29 81 144 105 56 6 26 23 22 24 14 -3 20 54 55 62 56 28 28 33 21 18 26 -10 -270 75 125 133 56 5 53 128 417 -6 33 -9 -12 0 -10 -26 -25 -9 -26 -24 31 101 -13 -20 464 137 34 16 30 -26 -87 -216 85 133 20 29 29 13 
14 33 -25 -75 -96 6 264 244 94 33 4 20 -61 144 118 -120 -54 -6 16 237 143 98 132 -22 61 179 52 270 15 -37 160 109 131 108 29 94 366 305 85 3 -8 177 2 7 11 60 -34 12 79 73 48 79 165 101 56 16 19 20 20 15 5 4 29 48 47 46 44 27 12 24 22 15 26 41 39 -219 129 137 40 52 -4 273 431 35 51 -10 -12 -6 -8 -17 -19 -12 -36 -13 23 94 7 160 439 112 20 5 18 -62 -273 138 94 26 58 45 -4 20 
92 115 22 -66 -113 -52 264 256 96 36 4 20 -60 318 -79 -22 25 49 38 90 -7 150 25 65 46 29 63 405 -24 81 153 107 163 130 54 -111 380 -87 212 -12 -3 178 0 6 10 60 -34 5 79 134 122 -33 249 163 24 29 38 17 20 9 -4 18 37 31 27 36 35 21 16 21 23 22 45 29 17 53 -329 23 26 80 -6 382 417 69 40 -12 -12 -4 -3 -10 -9 -7 -21 4 4 77 10 289 406 54 13 12 -54 -162 -12 136 43 26 68 39 -31 42 
201 206 83 27 -147 -98 273 268 88 36 2 20 -53 185 -223 -63 55 48 89 57 -15 14 239 76 -64 180 150 219 94 58 45 128 107 190 19 109 31 177 259 -279 59 179 0 5 16 65 -33 -5 75 178 147 -160 253 160 46 32 26 18 18 10 1 23 40 33 16 26 27 19 19 24 23 45 42 22 16 46 13 -367 32 91 14 437 356 76 -5 -11 -8 -3 -2 -6 -6 -5 -14 11 -4 61 3 312 274 11 22 24 -125 -237 57 96 29 33 53 -3 1 45 
207 300 239 45 -145 -224 312 287 86 36 3 19 -58 73 17 -173 36 31 138 -51 36 -6 378 -31 79 108 211 152 78 69 76 25 168 51 105 182 -255 385 319 -284 20 173 -24 -29 23 73 -24 -4 77 210 122 -217 241 187 51 19 35 10 10 7 8 16 18 32 35 23 23 17 16 28 30 29 32 25 24 25 60 -28 -62 121 -11 516 223 69 -4 -8 -4 -2 -4 -7 -7 6 -19 -11 32 72 62 233 183 21 46 -26 -191 -27 71 22 53 43 -5 5 38 16 
101 387 352 -18 -127 -273 322 296 94 36 3 19 -20 -141 96 -228 40 71 104 -1 42 1 384 -177 155 8 125 202 16 85 140 98 80 197 289 101 -326 247 543 -437 64 187 19 14 12 62 -25 7 153 185 40 -176 248 176 65 24 27 8 8 5 8 13 12 28 32 22 23 17 17 28 31 29 27 26 24 34 38 47 -444 40 23 521 111 71 -4 -8 -4 -4 -5 -8 -8 0 -23 0 86 185 92 104 57 33 -38 -37 -260 47 48 28 36 26 -8 21 37 11 
60 358 338 43 -121 -290 330 310 101 35 2 20 -26 -26 -48 -130 25 70 -11 -4 42 87 391 -321 140 66 65 135 17 93 105 94 6 173 282 38 -136 177 579 -391 137 179 32 24 -12 36 -29 19 188 171 33 -174 255 146 82 31 7 8 8 4 8 13 12 22 24 23 24 20 23 28 29 32 31 24 26 15 42 10 -8 -87 27 494 26 58 -4 -8 -4 -4 -7 -8 -8 -5 -4 19 213 210 37 61 56 -2 -8 -167 -69 29 51 55 9 -14 61 49 14 11 
40 337 361 52 -97 -304 334 327 104 35 4 20 -27 -12 -133 43 25 4 6 11 29 272 346 -205 62 84 8 7 89 132 106 237 -145 300 286 98 46 101 424 19 165 138 30 10 23 16 -11 64 184 94 56 -214 257 123 89 33 6 8 8 4 7 14 12 19 19 23 23 21 25 29 29 35 32 24 25 16 17 36 73 -508 119 435 32 18 17 -7 -4 -4 -6 -8 -8 -5 4 75 298 178 -39 57 57 -22 -40 -243 2 -11 68 79 -12 -42 82 59 -21 3 
63 319 369 72 -75 -365 332 357 79 36 4 17 -40 -53 -171 24 -3 -1 8 44 142 170 141 -159 29 134 8 17 128 91 122 216 101 197 130 19 117 131 -78 67 102 32 75 27 35 -7 48 114 176 55 0 -193 196 127 36 15 62 0 -1 3 8 9 9 27 30 20 19 19 22 32 32 36 35 26 26 15 30 3 55 -289 256 462 43 3 6 -5 -4 0 -2 -11 -14 -9 -20 170 281 110 -30 83 -8 -19 -145 -87 -16 3 71 90 -80 33 40 29 -20 -20 
47 294 373 96 -59 -380 317 350 84 36 4 16 -20 -93 -86 -65 11 10 2 126 40 3 188 -106 79 80 -23 39 78 190 114 44 296 212 23 -71 70 165 172 34 58 33 -24 44 23 -9 80 122 173 13 48 -117 186 120 37 8 52 -2 -2 0 6 10 10 25 28 19 20 16 19 32 32 37 36 25 25 16 28 45 60 -8 270 457 37 41 -2 -6 -5 0 0 -14 -14 -9 -22 202 287 35 15 87 -26 -57 -151 -25 -67 9 73 52 -27 60 22 -4 -26 -9 
8 267 380 124 -38 -372 292 325 100 36 4 16 -41 -39 -128 8 24 -8 19 59 55 -11 143 -32 42 47 70 12 75 251 10 112 243 188 28 87 9 78 124 16 148 119 33 124 -8 35 118 114 129 25 33 38 193 103 58 10 25 -2 -3 -2 6 10 10 21 23 20 20 12 17 32 32 41 42 25 25 16 30 44 -15 44 -15 492 54 -1 -3 -5 -4 0 0 -13 -14 -6 -1 185 270 67 70 89 -28 -120 -45 -34 -24 7 35 -27 56 51 18 -26 -4 11 
0 245 383 144 -25 -344 268 305 112 37 5 19 -44 16 -117 -10 0 54 83 58 -10 41 70 -13 41 6 69 23 81 82 173 99 206 130 54 30 244 -63 -18 82 71 33 22 86 -3 67 139 105 53 54 -64 175 180 88 65 9 1 -1 -2 -3 5 11 9 19 23 20 18 12 16 32 32 43 44 26 26 30 18 45 20 38 -323 281 49 20 18 -2 0 0 1 -10 -13 21 30 50 181 109 118 91 -30 -174 -36 -11 -28 57 -7 7 115 18 -7 -11 19 21 
0 168 355 165 -11 -269 244 274 122 43 11 25 -25 37 -85 -77 -41 123 113 -44 11 58 65 29 65 -10 5 5 193 -31 215 166 214 75 239 -175 301 226 -18 38 46 13 -6 -1 22 93 137 106 42 11 -140 231 156 58 34 8 7 0 0 -4 1 3 3 23 27 17 17 20 23 27 27 27 45 35 36 48 7 17 19 21 -113 64 2 45 51 40 40 23 28 5 -2 46 33 4 15 183 212 82 -31 -251 10 -15 10 61 -36 71 114 -25 5 4 17 16 
5 113 388 200 0 -228 201 272 127 43 11 26 -28 -50 -70 -52 -102 86 25 9 65 12 43 85 54 -5 21 -30 145 36 233 221 -132 -29 288 -37 163 182 -206 69 23 20 -14 13 56 111 124 93 39 -31 7 210 134 35 23 8 4 0 0 -4 0 0 0 20 24 16 16 19 21 27 27 23 46 36 36 47 7 14 13 20 50 -195 18 57 37 56 56 32 37 25 49 61 36 -19 -18 253 219 42 -90 -179 -70 44 56 -1 91 98 3 -5 33 28 -24 -36 
12 65 442 240 15 -182 132 279 131 44 10 30 -39 -84 -100 -97 -19 88 -28 65 61 51 36 79 37 -39 4 49 36 103 159 137 100 -60 80 -1 190 55 -47 64 13 10 -3 56 85 114 107 52 43 -139 195 204 63 16 20 20 -3 0 0 -4 0 0 0 13 16 16 16 16 17 27 27 22 47 36 36 46 11 12 12 35 29 -449 29 5 12 19 21 34 50 37 90 93 91 14 1 270 211 -24 -197 -161 15 68 53 -11 124 70 -10 12 36 24 -69 -44 
19 27 462 275 19 -156 71 280 133 50 11 25 -38 -88 0 -134 23 -15 8 90 17 117 33 63 12 -1 7 26 29 21 130 238 182 -26 26 27 -107 64 40 9 10 -18 32 96 102 117 67 12 -27 138 309 120 31 0 25 24 -2 1 1 -2 0 0 0 8 11 16 16 16 16 27 27 25 48 36 35 45 16 15 14 26 17 -228 78 34 7 -28 -26 -18 17 7 80 164 343 170 -34 220 114 -82 -274 -72 81 47 40 91 65 -17 -2 58 48 -15 -84 -35 
17 20 321 282 52 -146 -4 277 117 68 6 18 -21 -166 16 -154 48 39 26 39 45 72 10 59 12 5 26 2 49 71 -10 176 257 165 -53 66 -16 95 3 13 1 28 34 104 155 97 33 22 -94 272 288 46 8 8 11 10 4 8 8 4 -3 -4 -4 8 11 10 10 23 24 23 23 32 36 35 34 30 24 24 23 12 5 -17 56 72 6 -15 -47 -35 -48 -47 20 337 605 101 70 224 25 -168 -118 51 60 19 95 116 -30 -21 49 62 55 -71 -59 -11 
19 40 197 205 69 -112 -41 243 111 68 4 16 -32 -185 97 -154 46 32 11 10 55 0 0 80 19 88 50 35 110 43 59 101 122 183 127 31 -78 -44 29 -4 -13 62 72 114 166 97 5 -72 219 196 120 20 36 8 4 4 4 8 8 4 -4 -4 -5 3 7 10 10 20 23 23 22 30 32 35 34 32 31 24 23 29 -1 48 -193 89 38 0 -28 -25 -34 -64 -23 298 581 85 62 144 -62 -213 48 102 21 108 117 48 -24 23 83 70 3 -35 -60 18 
130 92 166 183 40 -74 -75 213 136 68 4 16 -47 -190 94 -128 37 48 3 5 72 -24 -7 124 49 168 79 -12 181 15 95 77 143 283 27 150 -73 11 39 8 -9 121 84 106 64 17 29 146 178 97 53 17 38 8 4 4 4 8 8 8 3 -5 -4 -4 5 10 10 13 16 22 23 23 24 35 36 40 37 23 24 38 -7 51 -350 82 45 16 -6 -17 -7 -12 -5 186 437 131 -53 -127 -118 -9 74 63 57 113 80 -83 37 66 78 61 -45 -46 -25 36 
197 125 133 212 43 -50 -100 217 151 70 5 17 -47 -216 1 -60 34 60 31 -7 122 -10 13 119 56 217 129 -110 166 178 180 218 50 193 217 -39 49 10 28 -7 -7 124 66 18 28 96 111 150 57 10 36 18 19 8 5 4 4 8 8 12 7 -4 -4 -3 7 8 9 8 12 21 23 16 21 38 38 44 40 24 26 37 21 45 -87 72 37 30 3 -2 13 11 -1 94 365 149 -215 -28 -18 22 65 63 115 70 -73 -12 104 109 53 7 -45 -64 11 -1 
139 100 115 239 81 -40 -92 177 140 76 8 20 -17 -161 -58 -17 36 3 44 -7 149 15 49 118 52 220 232 -43 127 269 50 266 -58 183 142 -54 -101 52 9 16 46 40 64 74 57 88 61 44 8 7 3 22 22 7 7 10 11 5 5 12 11 0 0 0 2 2 2 12 16 18 17 13 23 41 41 23 18 32 32 37 30 39 -15 -71 65 53 20 33 24 24 6 13 120 27 -59 4 27 6 41 88 81 -30 -34 14 141 115 47 -32 -48 -17 25 -32 
68 70 128 355 148 -36 -159 185 151 76 8 20 -24 -214 -21 -25 36 -5 44 -5 50 72 31 249 -67 217 227 152 68 265 -127 235 236 155 194 -49 -56 56 6 45 113 117 63 62 33 25 25 14 9 4 3 16 18 6 7 12 10 4 4 13 13 0 0 0 0 0 0 8 12 16 16 20 21 36 36 20 19 32 32 20 23 25 -5 -350 71 66 34 40 19 17 -4 12 9 -38 34 46 -4 -12 58 62 -29 6 30 84 158 78 18 -86 -62 -8 7 -7 
17 39 171 409 161 -15 -185 178 138 76 8 25 -36 -244 -64 30 34 -4 44 16 53 123 -65 317 -183 228 221 280 -112 246 146 62 227 -30 200 107 -51 10 45 96 116 117 39 30 11 17 16 10 6 4 3 8 10 6 6 12 10 3 4 17 17 0 0 8 8 0 0 0 12 16 16 25 27 28 27 28 28 32 32 20 32 29 78 -295 72 67 34 47 39 17 -4 6 -8 23 44 40 -38 14 29 -25 -5 -3 64 105 143 8 -39 -104 -19 9 37 63 
0 35 191 475 95 -2 -157 186 136 76 8 20 -32 -231 -114 16 51 11 52 36 67 49 86 278 6 211 159 275 159 198 322 -35 112 31 171 193 160 -124 51 91 84 76 31 33 13 10 8 12 9 6 5 3 8 8 7 12 10 5 5 19 19 0 0 12 12 5 0 0 12 16 16 27 28 20 19 31 36 33 31 24 23 20 62 -54 65 54 19 49 43 41 9 -11 14 58 34 -43 -15 -1 -13 24 17 5 97 96 67 -51 -85 -73 2 39 99 91 
