모델 파라미터 샘플:
Conv1 첫 번째 필터:
[[ 0.34877035  0.02989181  0.19430944]
 [ 0.07561249 -0.25887272 -0.14755018]
 [-0.32137203 -0.0875951   0.11176974]]

Conv2 첫 번째 필터:
[[ 0.02435967 -0.00731532 -0.02972014]
 [ 0.03956325  0.05713822  0.02758052]
 [-0.02805813  0.03552     0.04270618]]

FC1 가중치 (5x5 샘플):
[[-0.00127977 -0.01244502  0.01821543  0.00758096 -0.01684442]
 [-0.00719148  0.00127261 -0.01233674 -0.0113104   0.0144184 ]
 [-0.002883   -0.00881967  0.00287181  0.01661557  0.01082895]
 [-0.01645706 -0.00882255 -0.0151849   0.00882293 -0.01700688]
 [ 0.00508997 -0.01195667 -0.01541974  0.0112254  -0.00737398]]

FC2 가중치 (5x5 샘플):
[[ 0.1639112  -0.16533968 -0.01348728 -0.01654145  0.05055873]
 [ 0.15396905 -0.03858156  0.11784017  0.18764064 -0.11687057]
 [-0.08275057 -0.10391001 -0.12208676  0.07808796  0.11645867]
 [-0.09259783 -0.12907645 -0.07807472  0.05780336 -0.05667274]
 [-0.01835084  0.03023694  0.08090863  0.08160779  0.11228681]]
